run:
Sets in Direct Mapped cache is the No of blocks in Cache 
No of Sets Direct Mapped Cache 8
Enter your Choice
[0] - To read from memory 
[1] - To write from Memory 
[2] - Quit
0
Enter Block no :2
Enter offset value :6
get_CPU_action() : Action = Read, Block = 2, Off_Set = 6
Cache Read Miss -> Block [2] Off_set [6]
==================Cache Performance======================
Read Hits : 0
Read Misses :1
Write Hits : 0
Write Misses 0
==========================================================
=================Main Memory=================
0	1	2	3	4	5	6	7	8	9	10	11	12	13	14	15	

10	11	12	13	14	15	16	17	18	19	20	21	22	23	24	25	

20	21	22	23	24	25	26	27	28	29	30	31	32	33	34	35	

30	31	32	33	34	35	36	37	38	39	40	41	42	43	44	45	

40	41	42	43	44	45	46	47	48	49	50	51	52	53	54	55	

50	51	52	53	54	55	56	57	58	59	60	61	62	63	64	65	

60	61	62	63	64	65	66	67	68	69	70	71	72	73	74	75	

70	71	72	73	74	75	76	77	78	79	80	81	82	83	84	85	

80	81	82	83	84	85	86	87	88	89	90	91	92	93	94	95	

90	91	92	93	94	95	96	97	98	99	100	101	102	103	104	105	

100	101	102	103	104	105	106	107	108	109	110	111	112	113	114	115	

110	111	112	113	114	115	116	117	118	119	120	121	122	123	124	125	

120	121	122	123	124	125	126	127	128	129	130	131	132	133	134	135	

130	131	132	133	134	135	136	137	138	139	140	141	142	143	144	145	

140	141	142	143	144	145	146	147	148	149	150	151	152	153	154	155	

150	151	152	153	154	155	156	157	158	159	160	161	162	163	164	165	

=============================================
===================Cache Memory==========================
Set :0 V :0 Tag :-99	| 0	0	0	0	0	0	0	0	0	0	0	0	0	0	0	0	

Set :1 V :0 Tag :-99	| 0	0	0	0	0	0	0	0	0	0	0	0	0	0	0	0	

Set :2 V :1 Tag :2	| 20	21	22	23	24	25	26	27	28	29	30	31	32	33	34	35	

Set :3 V :0 Tag :-99	| 0	0	0	0	0	0	0	0	0	0	0	0	0	0	0	0	

Set :4 V :0 Tag :-99	| 0	0	0	0	0	0	0	0	0	0	0	0	0	0	0	0	

Set :5 V :0 Tag :-99	| 0	0	0	0	0	0	0	0	0	0	0	0	0	0	0	0	

Set :6 V :0 Tag :-99	| 0	0	0	0	0	0	0	0	0	0	0	0	0	0	0	0	

Set :7 V :0 Tag :-99	| 0	0	0	0	0	0	0	0	0	0	0	0	0	0	0	0	

=========================================================
Enter your Choice
[0] - To read from memory 
[1] - To write from Memory 
[2] - Quit
1
Enter Block no :3
Enter offset value :15
Enter the Element to write to Memory
36
get_CPU_action() : Action = Write, Block = 3, Off_Set = 15 Value = 36
Cache Write Miss -> Block [3] Off_set [15]
==================Cache Performance======================
Read Hits : 0
Read Misses :1
Write Hits : 0
Write Misses 1
==========================================================
=================Main Memory=================
0	1	2	3	4	5	6	7	8	9	10	11	12	13	14	15	

10	11	12	13	14	15	16	17	18	19	20	21	22	23	24	25	

20	21	22	23	24	25	26	27	28	29	30	31	32	33	34	35	

30	31	32	33	34	35	36	37	38	39	40	41	42	43	44	36	

40	41	42	43	44	45	46	47	48	49	50	51	52	53	54	55	

50	51	52	53	54	55	56	57	58	59	60	61	62	63	64	65	

60	61	62	63	64	65	66	67	68	69	70	71	72	73	74	75	

70	71	72	73	74	75	76	77	78	79	80	81	82	83	84	85	

80	81	82	83	84	85	86	87	88	89	90	91	92	93	94	95	

90	91	92	93	94	95	96	97	98	99	100	101	102	103	104	105	

100	101	102	103	104	105	106	107	108	109	110	111	112	113	114	115	

110	111	112	113	114	115	116	117	118	119	120	121	122	123	124	125	

120	121	122	123	124	125	126	127	128	129	130	131	132	133	134	135	

130	131	132	133	134	135	136	137	138	139	140	141	142	143	144	145	

140	141	142	143	144	145	146	147	148	149	150	151	152	153	154	155	

150	151	152	153	154	155	156	157	158	159	160	161	162	163	164	165	

=============================================
===================Cache Memory==========================
Set :0 V :0 Tag :-99	| 0	0	0	0	0	0	0	0	0	0	0	0	0	0	0	0	

Set :1 V :0 Tag :-99	| 0	0	0	0	0	0	0	0	0	0	0	0	0	0	0	0	

Set :2 V :1 Tag :2	| 20	21	22	23	24	25	26	27	28	29	30	31	32	33	34	35	

Set :3 V :1 Tag :3	| 30	31	32	33	34	35	36	37	38	39	40	41	42	43	44	36	

Set :4 V :0 Tag :-99	| 0	0	0	0	0	0	0	0	0	0	0	0	0	0	0	0	

Set :5 V :0 Tag :-99	| 0	0	0	0	0	0	0	0	0	0	0	0	0	0	0	0	

Set :6 V :0 Tag :-99	| 0	0	0	0	0	0	0	0	0	0	0	0	0	0	0	0	

Set :7 V :0 Tag :-99	| 0	0	0	0	0	0	0	0	0	0	0	0	0	0	0	0	

=========================================================
Enter your Choice
[0] - To read from memory 
[1] - To write from Memory 
[2] - Quit
0
Enter Block no :3
Enter offset value :3
get_CPU_action() : Action = Read, Block = 3, Off_Set = 3
Cache Read Hit -> Block [3] Off_set [3]
==================Cache Performance======================
Read Hits : 1
Read Misses :1
Write Hits : 0
Write Misses 1
==========================================================
=================Main Memory=================
0	1	2	3	4	5	6	7	8	9	10	11	12	13	14	15	

10	11	12	13	14	15	16	17	18	19	20	21	22	23	24	25	

20	21	22	23	24	25	26	27	28	29	30	31	32	33	34	35	

30	31	32	33	34	35	36	37	38	39	40	41	42	43	44	36	

40	41	42	43	44	45	46	47	48	49	50	51	52	53	54	55	

50	51	52	53	54	55	56	57	58	59	60	61	62	63	64	65	

60	61	62	63	64	65	66	67	68	69	70	71	72	73	74	75	

70	71	72	73	74	75	76	77	78	79	80	81	82	83	84	85	

80	81	82	83	84	85	86	87	88	89	90	91	92	93	94	95	

90	91	92	93	94	95	96	97	98	99	100	101	102	103	104	105	

100	101	102	103	104	105	106	107	108	109	110	111	112	113	114	115	

110	111	112	113	114	115	116	117	118	119	120	121	122	123	124	125	

120	121	122	123	124	125	126	127	128	129	130	131	132	133	134	135	

130	131	132	133	134	135	136	137	138	139	140	141	142	143	144	145	

140	141	142	143	144	145	146	147	148	149	150	151	152	153	154	155	

150	151	152	153	154	155	156	157	158	159	160	161	162	163	164	165	

=============================================
===================Cache Memory==========================
Set :0 V :0 Tag :-99	| 0	0	0	0	0	0	0	0	0	0	0	0	0	0	0	0	

Set :1 V :0 Tag :-99	| 0	0	0	0	0	0	0	0	0	0	0	0	0	0	0	0	

Set :2 V :1 Tag :2	| 20	21	22	23	24	25	26	27	28	29	30	31	32	33	34	35	

Set :3 V :1 Tag :3	| 30	31	32	33	34	35	36	37	38	39	40	41	42	43	44	36	

Set :4 V :0 Tag :-99	| 0	0	0	0	0	0	0	0	0	0	0	0	0	0	0	0	

Set :5 V :0 Tag :-99	| 0	0	0	0	0	0	0	0	0	0	0	0	0	0	0	0	

Set :6 V :0 Tag :-99	| 0	0	0	0	0	0	0	0	0	0	0	0	0	0	0	0	

Set :7 V :0 Tag :-99	| 0	0	0	0	0	0	0	0	0	0	0	0	0	0	0	0	

=========================================================
Enter your Choice
[0] - To read from memory 
[1] - To write from Memory 
[2] - Quit
2
Exiting... 
BUILD SUCCESSFUL (total time: 2 minutes 18 seconds)
